/home/eli/Downloads/steele/images/steele-0-00-00000.jpg 104,287,179,397,1 120,236,177,288,4 98,233,182,424,12 740,351,823,440,1 823,366,871,444,4 827,367,845,393,2 843,373,862,402,2 391,843,444,899,4 136,818,450,919,14
/home/eli/Downloads/steele/images/steele-0-00-00001.jpg 104,287,179,397,1 101,391,124,422,5 140,390,167,423,5 120,236,177,288,4 98,233,182,424,12 828,364,876,442,4 830,365,848,391,2 850,369,868,400,2 413,887,436,914,5 338,879,370,909,5 180,821,325,865,6 430,847,485,900,4 464,879,487,901,3 749,336,811,385,6 746,419,766,440,5 809,423,835,446,5
/home/eli/Downloads/steele/images/steele-0-00-00002.jpg 123,239,180,291,4 98,233,182,424,12 825,413,848,439,3 739,331,864,453,11 355,829,455,889,1 209,839,355,865,6 455,845,510,898,4 487,881,510,903,3 207,826,518,919,14 749,336,811,385,6 743,416,763,437,5 377,879,415,900,5
/home/eli/Downloads/steele/images/steele-0-00-00003.jpg 99,251,182,425,12 840,364,857,390,2 233,848,386,882,6 478,850,532,908,4 401,882,437,911,5 115,259,140,284,2 102,297,178,389,1
/home/eli/Downloads/steele/images/steele-0-00-00004.jpg 99,251,182,425,12 114,266,139,291,2 140,390,167,423,5 111,262,175,306,4 840,364,857,390,2 743,416,763,437,5 748,356,771,386,6 253,829,559,920,14 410,833,505,888,1 408,882,444,911,5 505,852,558,903,4 538,889,556,909,3 256,849,411,881,6
/home/eli/Downloads/steele/images/steele-0-00-00005.jpg 99,251,182,425,12 101,305,179,390,1 114,266,139,291,2 140,390,167,423,5 111,262,175,306,4 741,344,859,447,11 743,416,763,437,5 810,361,855,439,4 748,356,771,386,6 410,833,505,888,1 476,887,496,914,5 505,852,558,903,4 538,889,556,909,3 256,849,411,881,6
/home/eli/Downloads/steele/images/steele-0-00-00006.jpg 99,251,182,425,12 114,266,139,291,2 101,391,124,422,5 140,390,167,423,5 111,262,175,306,4 741,344,859,447,11 745,348,823,423,1 810,361,855,439,4 830,415,851,440,3 747,349,824,376,6 323,826,593,916,14 453,833,548,888,1 509,885,532,913,5 463,876,506,909,5 530,886,551,911,5 573,890,591,910,3 329,849,462,877,6
/home/eli/Downloads/steele/images/steele-0-00-00007.jpg 101,305,179,390,1 114,266,139,291,2 140,390,167,423,5 110,261,182,309,4 741,344,859,447,11 840,371,857,397,2 743,411,764,438,5 328,834,598,917,14 463,836,558,891,1 509,885,532,913,5 472,880,507,913,5 581,887,599,907,3
/home/eli/Downloads/steele/images/steele-0-00-00008.jpg 98,304,183,390,1 123,265,148,290,2 140,390,167,423,5 122,261,194,309,4 740,343,865,446,11 846,375,863,401,2 743,411,764,438,5 816,363,861,441,4 837,420,858,442,3 747,349,824,376,6 327,833,610,917,14 463,836,558,891,1 472,880,507,913,5 519,883,547,909,5 557,844,609,902,4 328,861,462,895,6
/home/eli/Downloads/steele/images/steele-0-00-00009.jpg 140,390,167,423,5 126,261,198,309,4 740,343,865,446,11 846,375,863,401,2 838,423,859,445,3 750,342,820,384,6 334,833,617,917,14 567,846,619,904,4 601,887,618,905,3 337,854,482,889,6
/home/eli/Downloads/steele/images/steele-0-00-00010.jpg 98,252,207,426,12 101,391,124,422,5 743,325,872,448,11 752,359,839,428,1 856,380,873,406,2 834,377,873,445,4 845,424,866,446,3 750,325,811,385,6 350,832,633,916,14 499,834,589,890,1 499,881,530,914,5 559,887,600,912,5 583,844,632,903,4 352,858,498,891,6
/home/eli/Downloads/steele/images/steele-0-00-00011.jpg 97,252,210,428,12 104,302,195,392,1 139,251,164,276,2 101,391,124,422,5 137,252,209,300,4 744,330,872,449,11 752,359,839,428,1 743,410,768,437,5 831,378,874,445,4 372,830,649,915,14 514,833,604,889,1 576,887,608,914,5 525,885,559,908,5 598,846,647,907,4 630,888,650,908,3
/home/eli/Downloads/steele/images/steele-0-00-00012.jpg 97,252,210,428,12 104,302,195,392,1 139,251,164,276,2 101,391,124,422,5 142,390,169,423,5 137,252,209,300,4 744,330,872,449,11 752,359,839,428,1 743,410,768,437,5 372,830,649,915,14 514,833,604,889,1 509,881,530,914,5 576,887,608,914,5 525,885,559,908,5 630,888,650,908,3 373,852,519,885,6
/home/eli/Downloads/steele/images/steele-0-00-00013.jpg 142,390,169,423,5 743,334,880,450,11 752,359,839,428,1 857,374,874,400,2 813,423,848,447,5 833,371,876,438,4 752,334,817,387,6 411,829,669,915,14 552,832,636,888,1 573,882,594,915,5
/home/eli/Downloads/steele/images/steele-0-00-00014.jpg 94,251,214,429,12 101,391,124,422,5 145,253,217,301,4 748,334,885,450,11 756,357,843,426,1 862,372,879,398,2 747,408,767,437,5 818,421,853,445,5 872,418,890,439,3 751,341,815,389,6 435,830,670,915,14 567,835,646,892,1 573,881,597,915,5 436,841,574,874,6
/home/eli/Downloads/steele/images/steele-0-00-00015.jpg 94,255,212,426,12 104,302,195,392,1 146,256,171,281,2 145,253,217,301,4 747,334,903,450,11 867,371,884,397,2 858,377,901,444,4 435,830,670,915,14 581,836,660,893,1 580,881,604,915,5 457,861,587,886,6
/home/eli/Downloads/steele/images/steele-0-00-00016.jpg 94,255,212,426,12 104,302,195,392,1 99,391,122,422,5 743,334,917,451,11 761,355,863,427,1 880,374,897,400,2 765,410,791,441,5 865,373,911,446,4 895,427,913,448,3 745,341,798,390,6 482,831,671,916,11 589,881,611,912,5 483,854,606,881,6
/home/eli/Downloads/steele/images/steele-0-00-00017.jpg 97,270,214,426,12 101,311,194,393,1 99,391,122,422,5 142,390,169,423,5 131,271,201,317,4 742,333,920,451,11 886,373,903,399,2 765,410,791,441,5 824,424,877,450,5 871,378,920,441,4 906,421,924,442,3 512,831,679,917,11 515,839,613,859,6
/home/eli/Downloads/steele/images/steele-0-00-00018.jpg 96,275,202,428,12 130,280,158,305,2 99,391,122,422,5 142,390,169,423,5 743,325,915,453,11 760,360,869,425,1 880,372,897,398,2 871,377,917,446,4 894,426,912,447,3 744,328,789,397,6 605,833,674,916,1 513,856,607,882,6
/home/eli/Downloads/steele/images/steele-0-00-00019.jpg 142,390,169,423,5 760,360,869,425,1 881,376,898,402,2 765,410,791,441,5 885,426,903,447,3 744,328,789,397,6 521,833,678,919,11
/home/eli/Downloads/steele/images/steele-0-00-00020.jpg 91,323,178,386,1 123,284,151,309,2 94,392,117,423,5 142,390,169,423,5 117,284,187,330,4 739,324,898,455,11 878,371,895,397,2 811,422,868,449,5 560,829,679,919,11 612,832,674,917,1 561,847,617,873,6
/home/eli/Downloads/steele/images/steele-0-00-00021.jpg 88,281,181,428,12 91,323,178,386,1 94,392,117,423,5 142,390,169,423,5 115,290,182,337,4 731,323,890,454,11 758,352,870,427,1 765,410,791,441,5 857,364,892,445,4 566,830,685,920,11 582,834,638,860,6
/home/eli/Downloads/steele/images/steele-0-00-00022.jpg 85,332,168,387,1 94,392,117,423,5 116,304,183,351,4 748,349,851,428,1 865,373,882,399,2 761,411,787,442,5 734,335,779,404,6 589,831,690,924,11 589,867,621,888,6
/home/eli/Downloads/steele/images/steele-0-00-00023.jpg 84,336,168,388,1 121,294,149,319,2 138,390,165,423,5 123,303,192,349,4 174,320,192,344,3 728,322,883,454,11 859,369,876,395,2 845,366,880,447,4 608,832,691,925,11 608,833,689,924,1
/home/eli/Downloads/steele/images/steele-0-00-00024.jpg 84,334,175,389,1 123,294,151,319,2 93,391,116,422,5 138,390,165,423,5 179,313,197,337,3 728,322,883,454,11 747,352,851,429,1 859,369,876,395,2 727,330,785,407,6 607,827,693,926,11
/home/eli/Downloads/steele/images/steele-0-00-00025.jpg 83,333,182,389,1 138,390,165,423,5 747,352,851,429,1 860,370,877,396,2 758,414,784,445,5 845,366,880,447,4 850,426,879,446,3 606,828,683,927,11 606,832,680,926,1
/home/eli/Downloads/steele/images/steele-0-00-00026.jpg 77,287,209,429,12 82,332,174,390,1 132,289,160,314,2 94,393,117,424,5 138,390,165,423,5 168,347,188,368,5 133,295,209,341,4 860,370,877,396,2 845,366,880,447,4 850,426,879,446,3 728,328,779,405,6 605,828,686,927,1
/home/eli/Downloads/steele/images/steele-0-00-00027.jpg 82,332,174,390,1 147,285,175,310,2 94,393,117,424,5 166,346,193,367,5 144,285,217,343,4 729,326,881,454,11 746,351,847,430,1 860,370,877,396,2 758,414,784,445,5 809,422,845,448,5 856,425,881,447,3
/home/eli/Downloads/steele/images/steele-0-00-00028.jpg 94,393,117,424,5 138,385,165,418,5 169,349,196,370,5 156,291,229,349,4 205,326,227,350,3 746,351,847,430,1 860,370,877,396,2 758,414,784,445,5 809,422,845,448,5 856,425,881,447,3 729,330,773,400,6 603,827,690,921,1
/home/eli/Downloads/steele/images/steele-0-00-00029.jpg 82,299,234,433,12 88,307,187,394,1 175,297,203,322,2 94,393,117,424,5 138,385,165,418,5 167,359,205,383,5 170,304,243,362,4 216,337,242,367,3 727,325,885,455,11 857,369,879,400,2 758,414,784,445,5 854,424,883,448,3 586,825,693,932,11
/home/eli/Downloads/steele/images/steele-0-00-00030.jpg 86,305,190,391,1 138,385,165,418,5 191,312,265,376,4 236,346,262,376,3 860,374,882,405,2 758,414,784,445,5 808,420,848,448,5 843,364,881,450,4 859,423,882,446,3 729,330,773,400,6 603,827,690,921,1
/home/eli/Downloads/steele/images/steele-0-00-00031.jpg 112,296,290,432,14 114,319,221,395,1 105,374,141,415,5 192,385,239,423,5 267,362,292,389,3 746,351,847,430,1 859,374,879,404,2 808,420,848,448,5 863,426,883,447,3 729,330,772,401,6 580,824,690,933,11 603,827,690,921,1
/home/eli/Downloads/steele/images/steele-0-00-00032.jpg 145,325,256,400,1 234,389,257,420,5 160,382,196,423,5 212,386,239,423,5 727,325,885,455,11 746,355,847,430,1 758,414,784,445,5 808,420,848,448,5 845,364,882,451,4 573,823,691,933,11 573,837,603,888,4
/home/eli/Downloads/steele/images/steele-0-00-00033.jpg 64,329,316,429,14 148,332,260,401,1 256,335,279,358,2 234,389,257,420,5 160,382,196,423,5 251,340,312,392,4 293,363,313,386,3 68,355,153,385,6 860,369,880,399,2 807,419,847,446,5 855,429,874,449,3 730,330,769,402,6 562,825,691,934,11 603,826,689,906,1 562,836,580,854,2
/home/eli/Downloads/steele/images/steele-0-00-00034.jpg 56,332,313,432,14 151,333,258,403,1 233,389,273,422,5 256,347,313,393,4 59,360,153,395,6 746,355,847,430,1 860,369,880,399,2 757,413,785,449,5 807,419,847,446,5 860,429,879,449,3 730,330,767,403,6 557,833,606,882,4
/home/eli/Downloads/steele/images/steele-0-00-00035.jpg 158,334,263,403,1 269,338,292,361,2 232,388,286,421,5 162,385,214,422,5 260,349,321,409,4 59,359,159,396,6 727,324,885,456,11 746,355,847,430,1 860,369,880,399,2 807,419,847,446,5 845,371,883,448,4 860,429,879,449,3 602,825,682,903,1 557,834,576,856,2 557,832,609,894,4 553,871,573,893,3
/home/eli/Downloads/steele/images/steele-0-00-00036.jpg 251,389,296,424,5 221,390,257,426,5 272,350,334,417,4 312,387,335,416,3 545,822,685,933,11 573,882,602,914,5 546,876,566,897,3
/home/eli/Downloads/steele/images/steele-0-00-00037.jpg 203,333,303,405,1 219,392,247,427,5 253,392,301,425,5 296,352,346,419,4 325,392,348,420,3 77,345,197,397,6 724,313,915,457,11 754,355,863,432,1 757,413,785,449,5 870,370,911,441,4 733,316,773,406,6 545,818,677,934,11 539,838,557,859,2 525,836,576,889,4 523,870,543,891,3
/home/eli/Downloads/steele/images/steele-0-00-00038.jpg 72,329,361,435,14 203,337,304,406,1 319,351,338,377,2 218,391,255,428,5 266,392,303,429,5 307,350,360,415,4 335,389,355,414,3 78,358,207,400,6 773,355,883,431,1 830,418,872,447,5 498,814,657,934,14 498,878,518,899,3
/home/eli/Downloads/steele/images/steele-0-00-00039.jpg 75,329,375,436,14 210,339,311,408,1 219,388,256,425,5 277,393,304,429,5 308,401,358,423,5 316,351,373,409,4 352,385,372,410,3 77,360,210,400,6 908,370,925,402,2 777,410,802,441,5 842,418,873,448,5 890,374,929,438,4 911,413,928,437,3 745,338,787,399,6 489,815,648,935,14 516,823,612,896,1 469,844,512,900,4 609,856,650,889,6
/home/eli/Downloads/steele/images/steele-0-00-00040.jpg 76,337,401,431,14 227,340,335,407,1 377,384,402,410,3 76,342,230,387,6 915,370,932,398,2 899,368,942,428,4 925,404,942,428,3 741,347,797,406,6 448,834,634,918,14 506,835,596,908,1 492,835,507,853,2 451,838,507,897,4 448,862,468,883,3 597,875,635,903,6
/home/eli/Downloads/steele/images/steele-0-00-00041.jpg 87,339,423,432,14 309,403,370,426,5 398,386,423,412,3 88,341,264,385,6 739,331,951,453,11 798,353,904,421,1 803,410,837,448,5 861,413,909,443,5 898,367,948,423,4 740,344,809,406,6 432,835,626,918,14 501,840,586,908,1 477,837,492,855,2 586,875,624,902,6
/home/eli/Downloads/steele/images/steele-0-00-00042.jpg 118,337,443,430,14 279,341,393,409,1 285,395,331,425,5 390,351,446,409,4 419,383,444,409,3 123,340,276,385,6 805,353,911,421,1 813,409,842,445,5 861,413,909,443,5 941,405,958,429,3 739,343,819,410,6 403,837,642,919,14 470,839,565,909,1 451,895,483,934,5 404,847,466,901,4 404,875,424,896,3 567,864,643,892,6
/home/eli/Downloads/steele/images/steele-0-00-00043.jpg 282,341,396,409,1 390,397,429,427,5 430,382,452,407,3 922,363,939,385,2 951,370,973,391,2 817,409,842,446,5 889,422,921,450,5 965,408,982,432,3 383,832,667,921,14 417,901,451,922,5 480,898,504,922,5 452,899,479,931,5 511,896,543,930,5 385,848,447,902,4 541,875,669,904,6
/home/eli/Downloads/steele/images/steele-0-00-00044.jpg 129,337,459,430,14 294,340,408,411,1 308,402,337,427,5 410,358,463,422,4 444,398,462,420,3 132,359,293,402,6 750,323,1016,450,11 956,370,974,392,2 832,408,857,445,5 872,417,912,447,5 1000,410,1017,435,3 752,324,850,402,6 424,844,524,913,1 466,899,500,925,5 360,853,422,907,4
/home/eli/Downloads/steele/images/steele-0-00-00045.jpg 129,337,465,431,14 303,341,417,412,1 389,399,429,432,5 315,402,337,428,5 410,358,463,422,4 445,406,463,428,3 142,359,303,402,6 750,324,1040,450,11 1003,374,1020,396,2 978,366,996,388,2 872,417,912,447,5 976,369,1039,429,4 1024,406,1041,431,3 752,324,869,400,6 333,835,644,925,14 397,844,498,911,1 360,900,404,920,5 398,906,421,927,5 334,856,396,910,4 497,867,641,898,6
/home/eli/Downloads/steele/images/steele-0-00-00046.jpg 133,336,469,430,14 433,352,457,377,2 389,399,429,432,5 415,362,468,431,4 449,408,466,429,3 147,359,308,402,6 1003,369,1026,399,2 889,415,927,448,5 948,418,983,442,5 999,375,1064,432,4 1049,414,1064,433,3 753,318,888,401,6 298,834,609,924,14 361,845,462,912,1 355,907,399,926,5 411,903,448,931,5 462,833,613,880,6
/home/eli/Downloads/steele/images/steele-0-00-00047.jpg 437,351,457,377,2 388,404,429,433,5 415,362,468,431,4 147,359,308,402,6 750,312,1090,449,14 905,365,1028,425,1 1058,375,1074,393,2 1024,380,1089,437,4 1073,418,1088,437,3 268,829,591,921,14 327,845,438,914,1 371,903,413,920,5 410,902,437,931,5 333,901,365,928,5 302,900,332,923,5 269,861,333,916,4
/home/eli/Downloads/steele/images/steele-0-00-00048.jpg 146,341,463,434,11 441,355,459,381,2 400,409,440,434,5 928,365,1051,425,1 1080,371,1100,394,2 963,415,998,433,5 919,416,948,444,5 1044,376,1109,433,4 1095,414,1110,433,3 238,837,575,922,14 298,846,407,908,1 351,902,386,928,5 285,901,312,925,5 236,897,254,917,3 408,865,573,892,6
/home/eli/Downloads/steele/images/steele-0-00-00049.jpg 150,342,467,435,11 315,347,421,419,1 443,357,461,383,2 344,408,387,433,5 450,415,467,435,3 158,350,322,401,6 949,361,1073,420,1 1043,415,1085,436,5 928,398,977,430,5 1112,418,1127,437,3 802,323,956,394,6 203,836,540,921,14 345,898,377,930,5 273,899,296,925,5 240,901,277,925,5 204,895,220,913,3 376,862,541,889,6
/home/eli/Downloads/steele/images/steele-0-00-00050.jpg 154,342,471,435,11 323,348,429,420,1 447,356,465,382,2 411,408,439,434,5 348,407,389,430,5 456,414,473,434,3 159,349,323,400,6 989,415,1018,439,5 1081,378,1146,435,4 814,333,968,396,6 233,844,340,907,1 292,900,323,925,5 239,900,273,924,5 178,903,194,921,3 342,859,507,886,6
/home/eli/Downloads/steele/images/steele-0-00-00051.jpg 327,347,430,410,1 352,406,389,431,5 329,406,353,432,5 438,362,490,432,4 469,412,486,432,3 812,358,1156,447,14 986,360,1094,421,1 1124,371,1140,393,2 1058,416,1093,439,5 988,414,1020,441,5 1093,380,1158,437,4 1140,420,1155,439,3 813,359,979,399,6 159,837,502,923,14 211,845,318,908,1 291,896,315,925,5 257,899,291,923,5 159,858,216,923,4 318,877,483,916,6
/home/eli/Downloads/steele/images/steele-0-00-00052.jpg 173,339,499,435,11 334,344,447,408,1 464,356,488,384,2 429,408,457,434,5 407,405,437,433,5 329,400,356,433,5 444,363,496,433,4 819,354,1171,446,14 992,360,1100,421,1 1058,416,1093,439,5 991,405,1023,439,5 1096,416,1127,440,5 820,363,990,400,6 172,902,210,931,5 137,858,195,919,4 297,876,463,909,6
/home/eli/Downloads/steele/images/steele-0-00-00053.jpg 184,339,510,435,14 348,342,461,406,1 474,352,498,380,2 429,408,457,434,5 380,406,410,434,5 458,354,510,424,4 493,405,510,425,3 188,343,349,391,6 828,352,1186,445,14 1151,369,1167,391,2 1027,405,1056,435,5 119,839,450,926,14 169,842,276,905,1 249,894,279,924,5 210,897,244,921,5 167,903,205,932,5 122,899,138,917,3
/home/eli/Downloads/steele/images/steele-0-00-00054.jpg 196,340,522,436,11 361,343,474,407,1 465,406,493,432,5 432,404,462,432,5 383,405,428,427,5 505,404,522,424,3 193,363,360,410,6 861,353,1219,446,14 1039,357,1147,418,1 1153,364,1178,386,2 1074,411,1109,436,5 1120,410,1149,433,5 1152,366,1217,423,4 161,841,266,904,1 145,891,204,919,5 108,902,124,920,3 260,864,427,893,6
/home/eli/Downloads/steele/images/steele-0-00-00055.jpg 364,343,477,407,1 478,351,502,379,2 432,404,463,434,5 475,355,527,425,4 207,370,360,411,6 1167,408,1220,434,5 1189,372,1254,429,4 1238,412,1253,431,3 142,840,242,902,1 216,892,256,925,5 179,895,211,927,5 157,898,185,927,5 133,899,162,929,5 88,858,136,919,4
/home/eli/Downloads/steele/images/steele-0-00-00056.jpg 205,338,531,434,11 365,343,482,411,1 487,351,511,379,2 456,403,487,433,5 383,408,432,432,5 479,360,531,430,4 209,370,362,411,6 960,351,1284,445,14 1121,352,1229,413,1 1248,370,1264,392,2 1217,409,1251,436,5 1111,398,1150,435,5 1152,408,1179,435,5 1269,409,1284,428,3 963,368,1128,392,6 71,835,399,923,14 119,841,219,903,1 173,893,213,926,5 132,893,164,925,5 102,900,128,924,5 69,858,117,916,4 70,897,86,915,3 221,859,400,896,6
/home/eli/Downloads/steele/images/steele-0-00-00057.jpg 381,345,496,412,1 457,404,488,434,5 382,407,434,433,5 492,356,544,426,4 216,369,381,409,6 1151,355,1259,416,1 1266,361,1282,383,2 1151,400,1190,437,5 1186,413,1213,430,5 1252,369,1307,418,4 984,383,1150,419,6 172,893,201,926,5 148,892,181,921,5 62,890,78,908,3
/home/eli/Downloads/steele/images/steele-0-00-00058.jpg 221,338,547,434,11 396,345,511,412,1 396,404,442,435,5 498,357,550,427,4 533,407,550,427,3 226,369,391,409,6 1023,354,1306,438,11 1291,399,1306,418,3 1021,387,1170,419,6 105,841,205,903,1 175,893,201,928,5 150,892,182,925,5 93,897,154,922,5 62,857,110,915,4 204,866,369,904,6
/home/eli/Downloads/steele/images/steele-0-00-00059.jpg 247,340,554,435,11 405,341,511,412,1 506,361,558,431,4 535,411,552,431,3 247,366,405,406,6 1023,354,1308,439,11 1271,361,1287,383,2 1256,370,1311,419,4 1025,386,1171,411,6 153,894,179,929,5 95,892,153,923,5
/home/eli/Downloads/steele/images/steele-0-00-00060.jpg 415,401,461,432,5 1170,356,1265,417,1 1270,359,1286,381,2 1219,410,1267,439,5 1258,367,1313,416,4 1296,387,1311,406,3 1030,387,1171,411,6 56,835,364,926,11 103,840,193,904,1 84,852,103,877,2 58,889,74,907,3
/home/eli/Downloads/steele/images/steele-0-00-00061.jpg 419,344,525,415,1 516,361,568,431,4 548,408,565,428,3 1025,353,1314,440,11 1170,356,1265,417,1 1268,355,1284,377,2 1162,402,1200,439,5 1258,362,1313,406,4 1030,387,1171,411,6 54,841,360,926,11 95,892,153,923,5 54,855,102,913,4
/home/eli/Downloads/steele/images/steele-0-00-00062.jpg 256,340,575,436,11 421,346,527,417,1 421,404,488,435,5 525,359,577,429,4 558,406,575,426,3 1265,349,1281,372,2 1158,402,1196,439,5 1298,358,1313,377,3 1026,393,1172,420,6 54,841,360,926,11 101,843,191,907,1 153,896,179,931,5
/home/eli/Downloads/steele/images/steele-0-00-00063.jpg 427,346,533,417,1 496,406,545,432,5 536,357,588,427,4 1025,350,1319,441,11 1166,354,1266,418,1 1265,348,1281,371,2 1158,402,1196,439,5 1260,353,1301,398,4 1283,377,1298,396,3 54,841,360,926,11 83,852,105,879,2 54,884,70,902,3
/home/eli/Downloads/steele/images/steele-0-00-00064.jpg 496,405,554,431,5 273,359,448,398,6 1034,350,1285,442,11 1166,353,1262,427,1 1262,360,1278,383,2 1158,402,1196,439,5 60,840,352,926,11 82,852,102,880,2 153,896,179,931,5 191,884,344,920,6
/home/eli/Downloads/steele/images/steele-0-00-00065.jpg 285,338,613,436,11 490,405,527,436,5 597,396,614,416,3 289,364,464,403,6 1033,349,1274,440,11 1164,354,1260,428,1 1241,363,1271,423,4 65,838,353,927,11 91,840,181,904,1 84,843,104,871,2 153,896,179,931,5 83,893,111,925,5 123,899,149,926,5 67,847,104,900,4
/home/eli/Downloads/steele/images/steele-0-00-00066.jpg 295,336,623,434,11 468,396,500,435,5 291,376,474,411,6 1031,354,1259,442,11 1164,354,1260,428,1 1239,364,1261,388,2 1231,369,1263,434,4 1038,388,1170,420,6 65,838,353,927,11 90,839,177,906,1 85,838,105,866,2 71,883,94,910,5 117,898,150,927,5 100,893,126,926,5 63,841,100,894,4
/home/eli/Downloads/steele/images/steele-0-00-00067.jpg 312,335,640,433,11 483,336,589,407,1 550,394,610,414,5 587,342,639,412,4 623,386,640,406,3 1031,354,1259,442,11 1164,354,1260,428,1 1051,386,1193,411,6 113,895,143,926,5 100,889,126,922,5
/home/eli/Downloads/steele/images/steele-0-00-00068.jpg 505,398,537,437,5 633,386,650,406,3 321,372,503,402,6 1030,354,1253,443,11 1165,356,1261,429,1 1056,382,1194,410,6 83,834,170,901,1 90,829,110,857,2 131,897,157,932,5
/home/eli/Downloads/steele/images/steele-0-00-00069.jpg 324,334,652,432,11 505,335,611,406,1 602,339,654,409,4 635,386,652,406,3 341,389,515,432,6 1029,355,1243,444,11 1141,367,1182,427,4 66,823,308,918,12 83,834,170,901,1 91,826,111,854,2 130,890,156,925,5 170,880,309,905,6
/home/eli/Downloads/steele/images/steele-0-00-00070.jpg 352,333,647,433,11 589,390,620,420,5 602,339,654,409,4 634,385,651,405,3 359,396,517,433,6 1108,352,1259,435,11 1164,355,1253,430,1 1125,372,1217,417,6 66,823,308,918,12 92,819,112,847,2 87,895,119,922,5 159,865,306,901,6
/home/eli/Downloads/steele/images/steele-0-00-00071.jpg 357,335,652,435,11 511,336,617,407,1 589,390,620,420,5 601,338,656,398,4 635,380,652,400,3 357,393,520,424,6 1108,352,1259,435,11 1128,362,1151,388,2 1147,353,1165,379,2 1193,412,1220,434,5 1107,404,1125,422,3 1180,384,1246,429,6 97,821,117,846,2 130,890,156,925,5 159,883,306,902,6
/home/eli/Downloads/steele/images/steele-0-00-00072.jpg 405,329,653,436,11 516,403,547,433,5 617,335,657,399,4 385,377,524,413,6 1133,352,1249,419,1 1123,355,1146,381,2 1215,408,1241,436,5 1174,406,1202,432,5 1085,359,1145,420,4 1083,396,1101,414,3 87,829,169,913,1 110,821,126,843,2 132,896,161,926,5
/home/eli/Downloads/steele/images/steele-0-00-00073.jpg 527,331,633,402,1 515,401,571,434,5 580,396,622,420,5 616,334,654,403,4 367,373,534,407,6 1044,341,1290,433,14 1101,352,1234,414,1 1080,351,1103,377,2 1198,402,1242,437,5 1079,399,1146,423,5 1049,357,1107,412,4 1044,389,1062,407,3 81,818,277,924,9 87,901,119,928,5 152,899,275,923,6
/home/eli/Downloads/steele/images/steele-0-00-00074.jpg 383,328,652,439,11 528,396,567,436,5 580,396,622,420,5 385,350,541,397,6 1067,346,1200,408,1 1035,356,1054,383,2 1170,392,1219,429,5 1090,399,1127,435,5 1008,364,1066,419,4 1007,401,1025,419,3 1188,335,1277,385,6 160,822,182,846,2 87,901,119,928,5 151,898,259,922,6
/home/eli/Downloads/steele/images/steele-0-00-00075.jpg 534,328,640,399,1 537,386,557,426,5 615,333,655,405,4 982,335,1272,437,14 1041,350,1174,412,1 1124,396,1162,430,5 1045,407,1078,435,5 1017,399,1073,427,5 981,403,999,421,3 98,829,170,914,1 131,895,173,927,5
/home/eli/Downloads/steele/images/steele-0-00-00076.jpg 537,329,643,400,1 556,392,578,429,5 575,396,617,420,5 413,376,551,397,6 962,348,1273,434,14 987,362,1006,389,2 962,371,1020,426,4 961,410,979,428,3 1139,351,1277,387,6 98,829,170,914,1 130,894,164,927,5 93,900,119,922,5 147,907,259,923,6
/home/eli/Downloads/steele/images/steele-0-00-00077.jpg 389,325,646,425,11 537,329,643,400,1 618,337,635,360,2 556,392,578,429,5 394,368,552,397,6 997,354,1120,414,1 968,360,987,386,2 1101,398,1135,417,5 1003,410,1049,433,5 946,372,1004,427,4 947,410,965,428,3 1117,358,1261,389,6 78,811,253,925,9 161,820,181,839,2 121,816,142,835,2 130,894,164,927,5 147,907,259,923,6
/home/eli/Downloads/steele/images/steele-0-00-00078.jpg 389,325,646,425,11 620,333,637,356,2 555,391,589,430,5 393,367,589,403,6 936,356,1264,437,14 985,355,1108,415,1 957,356,976,382,2 999,404,1033,437,5 961,407,1003,429,5 935,404,953,422,3 1103,363,1257,401,6 78,811,253,925,9 168,822,190,845,2 130,894,164,927,5 86,899,120,920,5 147,907,259,923,6
/home/eli/Downloads/steele/images/steele-0-00-00079.jpg 455,324,647,423,11 565,328,644,412,1 570,324,592,350,2 555,391,589,430,5 929,357,1257,438,11 973,358,1096,418,1 957,356,976,382,2 946,370,964,391,2 1034,404,1063,432,5 972,407,997,433,5 1065,402,1091,430,5 1091,372,1244,402,6 77,819,239,925,11 93,831,178,915,1 174,821,191,843,2 160,881,180,905,5 137,887,166,914,5
/home/eli/Downloads/steele/images/steele-0-00-00080.jpg 564,327,652,413,1 481,350,589,384,6 908,356,1236,437,14 961,358,1084,418,1 933,371,951,392,2 1059,403,1088,431,5 955,406,983,434,5 915,374,974,425,4 99,827,184,911,1 159,886,179,910,5 106,893,130,920,5 110,882,227,927,6
/home/eli/Downloads/steele/images/steele-0-00-00081.jpg 512,324,649,425,11 554,324,645,415,1 543,328,573,358,2 908,356,1236,437,11 958,358,1081,418,1 938,360,957,386,2 927,370,945,391,2 1037,404,1066,432,5 907,375,966,426,4 904,408,922,426,3 1078,363,1231,398,6 75,815,230,928,12 109,820,194,904,1 105,885,141,921,5 132,877,228,928,6
/home/eli/Downloads/steele/images/steele-0-00-00082.jpg 521,322,650,426,11 545,324,636,415,1 533,329,563,359,2 949,358,1072,418,1 900,373,959,424,4 896,406,914,424,3 1071,363,1224,398,6 126,819,220,904,1 201,805,223,834,2 116,885,147,921,5 131,885,223,929,6
/home/eli/Downloads/steele/images/steele-0-00-00083.jpg 521,322,650,426,11 532,325,636,416,1 528,327,553,353,2 580,394,599,419,5 599,390,625,416,5 949,358,1072,418,1 933,357,952,383,2 1037,404,1066,432,5 993,410,1030,434,5 913,367,961,427,4 910,411,928,429,3 125,818,236,895,1 116,885,147,921,5 167,790,237,837,4
/home/eli/Downloads/steele/images/steele-0-00-00084.jpg 510,321,651,427,11 531,324,632,395,1 596,386,623,414,5 539,386,567,417,5 911,353,1226,432,11 972,408,998,436,5 945,409,973,438,5 993,410,1030,434,5 911,416,929,434,3 230,766,249,789,2 168,883,203,919,5 126,868,170,915,5 242,798,264,823,5 188,768,258,815,4 157,875,242,920,6
/home/eli/Downloads/steele/images/steele-0-00-00085.jpg 519,322,620,393,1 596,386,623,414,5 544,391,572,422,5 520,382,554,416,5 484,328,538,382,4 910,352,1227,436,11 945,358,1068,418,1 929,362,948,388,2 1037,404,1066,432,5 972,408,998,436,5 951,409,979,438,5 993,410,1030,434,5 912,371,963,435,4 193,753,273,840,1 233,816,263,869,5 199,837,243,921,6
/home/eli/Downloads/steele/images/steele-0-00-00086.jpg 473,318,653,429,11 499,382,533,416,5 470,327,524,381,4 971,407,997,440,5 951,409,983,435,5 1069,373,1226,404,6 188,748,274,932,10 193,753,273,840,1 259,807,284,827,5
/home/eli/Downloads/steele/images/steele-0-00-00087.jpg 488,322,590,403,1 945,358,1068,418,1 924,362,943,388,2 1036,403,1064,435,5 998,406,1039,433,5 971,407,997,440,5 910,370,964,435,4 913,418,931,436,3 188,748,274,932,10 195,747,277,826,1
/home/eli/Downloads/steele/images/steele-0-00-00088.jpg 433,318,667,430,11 530,390,570,420,5 437,320,480,369,4 899,354,1211,438,11 940,358,1063,418,1 914,368,933,394,2 997,405,1025,432,5 970,406,995,437,5 939,412,981,437,5 899,372,953,437,4 188,748,274,932,10 195,747,277,826,1 225,819,250,923,6
/home/eli/Downloads/steele/images/steele-0-00-00089.jpg 418,316,677,432,11 470,317,553,397,1 452,376,483,416,5 548,338,675,391,6 894,352,1206,436,11 906,366,925,392,2 1029,403,1051,433,5 958,407,980,434,5 891,372,945,437,4 195,747,277,826,1
/home/eli/Downloads/steele/images/steele-0-00-00090.jpg 410,312,669,428,12 509,383,538,416,5 483,385,510,418,5 535,348,656,391,6 891,353,1203,437,11 902,365,921,391,2 1029,403,1051,433,5 978,403,1022,433,5 891,372,945,437,4 889,414,907,432,3 205,743,275,934,10 208,744,277,826,1 236,784,263,890,6
/home/eli/Downloads/steele/images/steele-0-00-00091.jpg 403,308,662,424,11 444,313,534,396,1 510,382,539,415,5 475,384,512,416,5 405,310,464,369,4 529,306,637,384,6 891,353,1203,437,11 1029,403,1051,433,5 978,403,1022,433,5 925,412,967,437,5 891,372,945,437,4 889,414,907,432,3 1039,367,1199,404,6 204,742,278,854,10 207,743,267,825,1 235,783,264,842,6
/home/eli/Downloads/steele/images/steele-0-00-00092.jpg 395,306,662,426,8 481,382,510,415,5 448,383,482,416,5 420,364,452,415,5 396,305,452,367,4 511,314,638,386,6 902,365,921,391,2 1029,403,1051,433,5 885,409,903,427,3 1039,367,1199,404,6 206,743,264,802,1 200,750,217,772,2 230,795,244,817,5 234,782,263,858,6
/home/eli/Downloads/steele/images/steele-0-00-00093.jpg 391,302,630,426,8 427,310,505,394,1 474,385,503,418,5 442,387,473,418,5 389,301,445,363,4 502,336,630,398,6 885,353,1197,437,11 920,357,1043,417,1 896,365,915,391,2 978,403,1022,433,5 885,370,941,432,4 885,409,903,427,3 192,745,217,772,2 216,798,237,828,5 230,795,244,817,5 241,780,293,842,6
/home/eli/Downloads/steele/images/steele-0-00-00094.jpg 416,317,506,395,1 440,392,499,420,5 501,342,593,399,6 885,353,1197,437,11 919,353,1036,418,1 974,402,1023,430,5 885,409,903,427,3 1035,373,1191,398,6 191,741,265,853,10 206,743,264,802,1 192,745,217,772,2 216,798,237,828,5 230,795,244,817,5 244,778,277,823,6
/home/eli/Downloads/steele/images/steele-0-00-00095.jpg 416,317,506,395,1 440,392,499,420,5 387,299,439,341,4 881,352,1193,436,11 916,353,1033,418,1 981,404,1022,438,5 917,410,962,438,5 880,370,936,432,4 1028,387,1193,420,6 183,736,273,830,10 230,795,244,817,5 244,778,277,823,6
/home/eli/Downloads/steele/images/steele-0-00-00096.jpg 385,302,619,429,8 401,319,502,397,1 440,392,499,420,5 387,299,439,341,4 881,352,1193,436,11 916,353,1033,418,1 887,363,906,389,2 962,403,1023,435,5 880,370,936,432,4 1026,397,1181,429,6 183,736,273,830,10 206,743,264,802,1 187,746,212,773,2 216,798,237,828,5
/home/eli/Downloads/steele/images/steele-0-00-00097.jpg 401,319,502,397,1 440,392,499,420,5 387,299,439,341,4 498,360,610,399,6 916,350,1034,419,1 962,403,1023,435,5 925,407,946,433,5 1026,393,1201,427,6 175,735,274,830,10 206,743,264,802,1 187,746,212,773,2 216,798,237,828,5 230,795,244,817,5
/home/eli/Downloads/steele/images/steele-0-00-00098.jpg 464,391,501,421,5 437,391,464,417,5 387,299,439,341,4 497,354,613,400,6 876,351,1188,435,11 915,346,1035,420,1 879,365,936,433,4 169,736,275,832,10 206,743,264,802,1 183,750,206,775,2 207,733,229,755,2
/home/eli/Downloads/steele/images/steele-0-00-00099.jpg 427,303,446,318,2 437,391,464,417,5 387,299,439,341,4 497,354,613,400,6 887,360,906,386,2 962,403,1025,436,5 915,407,948,435,5 879,365,936,433,4 1023,379,1177,405,6 163,735,276,833,10 203,737,222,757,2 230,795,244,817,5 166,746,214,794,4 164,774,179,795,3
/home/eli/Downloads/steele/images/steele-0-00-00100.jpg 384,301,613,416,8 464,391,501,421,5 497,354,613,400,6 913,348,1021,421,1 979,407,1026,438,5 957,407,979,435,5 879,365,936,433,4 1022,378,1170,404,6 155,734,278,831,10 198,741,217,761,2 216,798,237,828,5 230,795,244,817,5 163,745,215,803,4
/home/eli/Downloads/steele/images/steele-0-00-00101.jpg 384,301,613,416,8 400,318,497,396,1 420,303,442,320,2 496,349,610,401,6 913,348,1021,421,1 885,360,904,386,2 974,406,1007,439,5 901,408,948,436,5 957,407,979,435,5 879,365,936,433,4 879,404,901,426,3 1021,373,1171,404,6 155,734,278,831,10 206,743,264,802,1 208,796,228,821,5 158,758,210,816,4 156,792,171,813,3
/home/eli/Downloads/steele/images/steele-0-00-00102.jpg 384,301,613,416,8 464,391,501,421,5 437,391,464,417,5 496,349,610,401,6 913,348,1021,421,1 885,360,904,386,2 974,406,1007,439,5 901,408,948,436,5 957,407,979,435,5 879,365,936,433,4 155,734,278,831,10 156,762,208,820,4 155,802,170,823,3
/home/eli/Downloads/steele/images/steele-0-00-00103.jpg 384,301,613,416,8 400,318,497,396,1 495,353,613,402,6 876,351,1173,437,11 912,347,1024,420,1 885,360,904,386,2 901,408,948,436,5 957,407,979,435,5 875,402,897,424,3 1020,364,1169,402,6 155,734,278,831,10 206,743,264,802,1 220,792,239,829,5 208,796,228,821,5 240,792,259,811,5 152,769,204,827,4
/home/eli/Downloads/steele/images/steele-0-00-00104.jpg 384,301,613,416,8 382,324,497,397,1 419,302,446,322,2 911,346,1017,419,1 974,406,1007,439,5 912,407,950,437,5 867,366,924,434,4 151,736,274,833,10 206,743,264,802,1 150,776,202,834,4
/home/eli/Downloads/steele/images/steele-0-00-00105.jpg 382,324,497,397,1 464,391,501,421,5 437,391,464,417,5 494,350,614,403,6 857,349,1160,436,11 907,349,1013,422,1 873,360,892,386,2 910,403,933,432,5 854,412,872,436,3 1016,363,1169,399,6 151,736,274,833,10 150,811,165,832,3
/home/eli/Downloads/steele/images/steele-0-00-00106.jpg 378,299,616,416,8 382,324,497,397,1 419,302,446,322,2 376,329,395,353,5 849,349,1152,436,11 972,404,993,434,5 1007,354,1150,394,6 192,743,265,803,1 206,800,226,825,5 150,776,202,834,4 150,811,165,832,3
/home/eli/Downloads/steele/images/steele-0-00-00107.jpg 377,297,628,416,8 382,324,497,397,1 464,391,501,421,5 437,391,464,417,5 376,329,395,353,5 833,349,1136,436,11 851,363,870,389,2 972,404,993,434,5 956,406,978,438,5 864,410,914,438,5 828,414,846,436,3 988,361,1148,393,6 180,737,267,814,1 203,799,225,831,5 135,781,187,839,4 141,821,156,842,3
/home/eli/Downloads/steele/images/steele-0-00-00108.jpg 464,391,501,421,5 437,391,464,417,5 862,348,979,415,1 826,360,845,386,2 884,403,906,435,5 802,365,859,433,4 801,413,819,435,3 972,367,1132,395,6 137,745,262,849,10 179,744,268,815,1 224,787,243,824,5 139,780,188,849,4 144,829,159,850,3
/home/eli/Downloads/steele/images/steele-0-00-00109.jpg 464,391,501,421,5 437,391,464,417,5 490,374,617,407,6 781,350,1106,439,14 802,362,821,388,2 939,389,964,429,5 892,404,927,433,5 818,407,868,435,5 782,361,839,429,4 779,411,797,433,3 945,363,1105,391,6 179,744,268,815,1 154,778,175,798,2 206,797,224,827,5 193,805,211,836,5 141,829,156,850,3
/home/eli/Downloads/steele/images/steele-0-00-00110.jpg 383,296,630,417,8 427,303,454,323,2 464,391,501,421,5 488,373,639,408,6 763,350,1088,439,14 782,361,801,387,2 761,365,820,439,4 761,416,779,438,3 139,732,267,857,10 171,743,269,816,1 206,797,224,827,5 184,811,202,842,5 138,789,187,858,4
/home/eli/Downloads/steele/images/steele-0-00-00111.jpg 376,297,623,418,8 388,322,499,398,1 427,303,454,323,2 464,391,501,421,5 437,391,464,417,5 885,398,910,438,5 820,410,855,439,5 860,400,887,432,5 782,405,817,433,5 753,367,812,441,4 909,351,1076,389,6 171,743,269,816,1 226,785,248,816,5 200,800,223,834,5
/home/eli/Downloads/steele/images/steele-0-00-00112.jpg 376,297,623,418,8 427,303,454,323,2 464,391,501,421,5 437,391,464,417,5 379,344,400,368,5 486,380,623,410,6 784,346,894,412,1 762,365,781,391,2 843,395,878,436,5 143,792,164,812,2 141,788,189,865,4
/home/eli/Downloads/steele/images/steele-0-00-00113.jpg 376,297,623,418,8 388,322,499,398,1 464,391,501,421,5 437,391,464,417,5 379,344,400,368,5 745,345,1053,444,11 778,348,887,418,1 756,366,775,392,2 844,401,869,441,5 776,402,828,445,5 875,362,1043,393,6 121,730,269,900,10 208,782,234,825,5 123,828,171,896,4
/home/eli/Downloads/steele/images/steele-0-00-00114.jpg 376,297,623,418,8 430,303,457,323,2 437,391,464,417,5 777,347,873,418,1 756,366,775,392,2 843,399,876,427,5 746,373,805,447,4 105,760,253,930,10 112,814,188,893,1 167,767,256,829,6
/home/eli/Downloads/steele/images/steele-0-00-00115.jpg 376,297,623,418,8 388,322,499,398,1 428,302,463,325,2 379,344,400,368,5 485,385,624,412,6 744,345,1046,446,11 771,350,869,420,1 756,366,775,392,2 780,372,809,406,2 842,398,869,436,5 780,416,801,440,5 747,372,806,446,4 747,420,765,442,3 866,363,1027,396,6 101,801,247,933,11 102,828,180,905,1 141,854,166,890,2 157,803,272,848,6
/home/eli/Downloads/steele/images/steele-0-10-00059.jpg 456,311,569,414,1 537,361,557,388,5 331,375,465,407,6 856,344,989,438,1 956,383,998,406,5 956,354,986,394,5 907,314,981,363,4 753,423,868,448,6 483,840,626,918,13 486,871,506,892,2
/home/eli/Downloads/steele/images/steele-0-10-00060.jpg 551,354,574,381,5 320,376,466,408,6 749,315,1000,456,8 954,357,997,398,5 948,391,991,431,5 912,309,982,363,4 747,422,874,449,6 483,840,626,918,13 511,848,622,917,1 486,871,506,892,2 512,847,536,867,2
/home/eli/Downloads/steele/images/steele-0-10-00061.jpg 456,311,569,414,1 523,295,549,319,2 537,361,557,388,5 526,296,595,359,4 320,376,466,408,6 749,315,1000,456,8 866,348,976,439,1 948,391,991,431,5 912,309,982,363,4 747,422,874,449,6 511,848,622,917,1
/home/eli/Downloads/steele/images/steele-0-10-00062.jpg 490,310,571,401,1 347,372,494,394,6 749,315,1000,456,8 858,344,970,441,1 953,386,1000,414,5 923,308,982,359,4 746,424,874,451,6 483,840,626,918,13 511,848,622,917,1 486,871,506,892,2 512,847,536,867,2
/home/eli/Downloads/steele/images/steele-0-10-00063.jpg 346,285,586,412,12 499,297,530,324,2 544,295,564,323,2 955,356,998,388,5 909,318,984,367,4 483,840,626,918,13 511,848,622,917,1 486,871,506,892,2 512,847,536,867,2
/home/eli/Downloads/steele/images/steele-0-10-00064.jpg 361,299,585,414,9 489,319,582,402,1 481,305,512,332,2 383,375,553,412,6 748,314,1011,452,8 955,356,998,388,5 909,318,984,367,4 746,423,895,449,6 483,840,626,918,13
/home/eli/Downloads/steele/images/steele-0-10-00065.jpg 473,315,570,402,1 748,314,1011,452,8 955,356,998,388,5 949,371,1001,414,5 909,318,984,367,4 746,423,895,449,6 483,840,626,918,13 511,848,622,917,1 512,847,536,867,2
/home/eli/Downloads/steele/images/steele-0-10-00066.jpg 359,311,547,416,9 442,314,539,401,1 438,328,469,355,2 857,346,959,442,1 955,356,998,388,5 958,372,1010,411,5 745,421,878,449,6 483,840,626,918,13 511,848,622,917,1 486,871,506,892,2
/home/eli/Downloads/steele/images/steele-0-10-00067.jpg 442,324,528,401,1 748,314,1011,452,8 857,346,959,442,1 955,356,998,388,5 744,422,880,450,6 486,871,506,892,2 512,847,536,867,2
/home/eli/Downloads/steele/images/steele-0-10-00068.jpg 422,323,517,403,1 401,323,423,345,2 426,314,449,340,2 511,370,596,407,6 748,314,1011,452,8 963,355,999,395,5 920,317,985,369,4 744,422,880,450,6 511,848,622,917,1 486,871,506,892,2 512,847,536,867,2
/home/eli/Downloads/steele/images/steele-0-10-00069.jpg 334,315,522,419,11 384,321,495,402,1 358,331,380,353,2 376,322,399,348,2 748,314,1011,452,8 866,346,968,442,1 963,355,999,395,5 920,317,985,369,4 744,422,880,450,6 483,840,626,918,13 512,847,536,867,2
/home/eli/Downloads/steele/images/steele-0-10-00070.jpg 279,313,536,408,14 309,314,456,394,1 444,325,534,367,6 927,316,986,362,4 744,422,880,450,6 486,871,506,892,2
/home/eli/Downloads/steele/images/steele-0-10-00071.jpg 227,319,537,409,14 233,336,308,400,4 233,371,257,397,3 748,314,1011,452,8 866,346,968,442,1 483,840,626,918,13 511,848,622,917,1
/home/eli/Downloads/steele/images/steele-0-10-00072.jpg 193,379,217,405,3 347,322,501,368,6 749,312,1012,452,8 866,346,968,442,1 963,355,999,395,5 929,310,988,356,4 749,424,880,451,6 483,840,626,918,13 511,848,622,917,1 486,871,506,892,2 512,847,536,867,2
/home/eli/Downloads/steele/images/steele-0-10-00073.jpg 164,322,476,410,14 153,340,223,407,4 155,380,179,406,3 326,329,476,368,6 866,346,968,442,1 963,355,999,395,5 929,310,988,356,4 748,428,881,452,6 483,840,626,918,13 511,848,622,917,1 486,871,506,892,2
/home/eli/Downloads/steele/images/steele-0-10-00074.jpg 124,326,453,410,14 120,343,190,410,4 124,383,148,409,3 749,312,1012,452,8 866,346,968,442,1 929,310,988,356,4 483,840,626,918,13
/home/eli/Downloads/steele/images/steele-0-10-00075.jpg 80,328,409,412,14 87,343,157,410,4 86,385,110,411,3 749,312,1012,452,8 963,350,999,390,5 929,310,988,356,4 748,428,881,452,6 483,840,626,918,13 512,847,536,867,2
/home/eli/Downloads/steele/images/steele-0-10-00076.jpg 80,328,409,412,11 81,340,151,407,4 222,342,385,373,6 748,318,1012,453,8 864,344,966,440,1 915,316,989,367,4 483,840,626,918,13 511,848,622,917,1 486,874,510,899,2 512,847,536,867,2
/home/eli/Downloads/steele/images/steele-0-10-00077.jpg 107,326,209,400,1 81,340,151,407,4 748,318,1012,453,8 864,344,966,440,1 963,350,999,390,5 748,428,881,452,6 483,840,626,918,13 486,874,510,899,2
/home/eli/Downloads/steele/images/steele-0-10-00078.jpg 64,324,295,411,11 90,329,175,403,1 161,342,293,380,6 748,318,1012,453,8 864,344,966,440,1 968,356,1000,391,5 928,315,990,362,4 483,840,626,918,13 486,874,510,899,2
/home/eli/Downloads/steele/images/steele-0-10-00079.jpg 64,324,295,411,11 78,325,176,403,1 161,341,287,381,6 864,344,966,440,1 968,356,1000,391,5 928,315,990,362,4 748,424,882,452,6 483,840,626,918,13 511,848,622,917,1 486,874,510,899,2 512,847,536,867,2
/home/eli/Downloads/steele/images/steele-0-10-00080.jpg 77,318,176,404,1 99,314,122,337,2 160,361,278,398,6 748,318,1012,453,8 864,344,966,440,1 928,315,990,362,4 483,840,626,918,13 511,848,622,917,1
/home/eli/Downloads/steele/images/steele-0-10-00081.jpg 84,316,297,412,11 748,318,1012,453,8 855,343,966,442,1 962,354,1000,391,5 746,427,894,448,6 483,840,626,918,13 511,848,622,917,1 485,869,509,894,2
/home/eli/Downloads/steele/images/steele-0-10-00082.jpg 77,326,170,400,1 154,331,181,361,2 748,318,1012,453,8 855,343,966,442,1 515,846,538,867,2
/home/eli/Downloads/steele/images/steele-0-10-00083.jpg 72,316,209,419,11 76,321,175,407,1 176,336,201,363,2 748,313,995,454,8 896,313,976,370,4 511,848,622,917,1
/home/eli/Downloads/steele/images/steele-0-10-00084.jpg 78,321,253,416,11 98,326,221,407,1 223,343,248,370,2 211,338,261,408,4 81,326,126,385,6 748,313,995,454,8 855,343,966,442,1 959,354,999,389,5 951,342,990,371,5 895,310,965,371,4 483,840,626,918,13 511,848,622,917,1 485,869,509,894,2 515,846,538,867,2
/home/eli/Downloads/steele/images/steele-0-10-00085.jpg 77,320,329,418,11 142,324,265,405,1 276,344,306,371,2 81,326,161,375,6 748,313,995,454,8 748,427,896,448,6 483,840,626,918,13 511,848,622,917,1 489,863,513,888,2 519,843,542,864,2
/home/eli/Downloads/steele/images/steele-0-10-00086.jpg 68,341,204,387,6 748,313,995,454,8 862,342,967,432,1 958,351,998,386,5 748,427,896,448,6 483,840,626,918,13 511,848,622,917,1 519,843,542,864,2
/home/eli/Downloads/steele/images/steele-0-10-00087.jpg 106,329,431,421,14 238,334,371,416,1 747,297,989,454,8 862,342,967,432,1 887,301,968,363,4
/home/eli/Downloads/steele/images/steele-0-10-00088.jpg 127,326,486,426,14 291,342,424,416,1 131,327,303,386,6 862,342,967,432,1 483,840,626,918,13 511,848,622,917,1 487,871,511,896,2
/home/eli/Downloads/steele/images/steele-0-10-00089.jpg 338,331,471,405,1 457,344,522,406,4 747,297,989,454,8 862,342,967,432,1 748,427,896,448,6 483,840,626,918,13 511,848,622,917,1 486,867,510,892,2
/home/eli/Downloads/steele/images/steele-0-10-00090.jpg 214,327,573,427,14 217,347,398,386,6 747,297,989,454,12 871,292,947,356,4 511,848,622,917,1 486,867,510,892,2
/home/eli/Downloads/steele/images/steele-0-10-00091.jpg 249,325,608,425,14 542,341,607,403,4 262,352,443,391,6 860,335,951,434,1 934,324,963,353,5 483,840,626,918,13 511,848,622,917,1
/home/eli/Downloads/steele/images/steele-0-10-00092.jpg 279,323,638,423,14 617,367,640,395,3 298,357,479,396,6 749,287,960,457,12 856,291,932,355,4 748,430,896,451,6 483,840,626,918,13 511,848,622,917,1
/home/eli/Downloads/steele/images/steele-0-10-00093.jpg 505,322,609,399,1 592,320,666,372,4 644,344,664,370,3 748,285,949,457,12 860,335,951,434,1 748,430,896,451,6 510,844,622,918,1
/home/eli/Downloads/steele/images/steele-0-10-00094.jpg 365,370,517,406,6 748,285,949,457,12 748,430,896,451,6 483,840,626,918,13 486,867,510,892,2
/home/eli/Downloads/steele/images/steele-0-10-00095.jpg 357,305,682,421,12 517,319,614,398,1 595,304,669,356,4 650,330,670,356,3 365,370,517,406,6 860,335,951,434,1 832,321,863,350,2 822,280,904,345,4 821,281,846,304,3 486,867,510,892,2
/home/eli/Downloads/steele/images/steele-0-10-00096.jpg 357,305,682,421,12 597,304,624,326,2 657,323,677,349,3 760,278,951,458,12 837,326,868,355,2
/home/eli/Downloads/steele/images/steele-0-10-00097.jpg 356,292,685,422,12 615,355,651,373,5 623,346,656,368,5 604,288,678,340,4 658,310,678,336,3 363,368,530,410,6 797,293,822,316,3 751,432,899,453,6 483,840,626,918,13 510,844,622,918,1
/home/eli/Downloads/steele/images/steele-0-10-00098.jpg 355,280,680,423,12 522,307,624,399,1 623,336,659,354,5 603,280,677,332,4 660,298,680,324,3 366,379,531,410,6 747,291,951,459,12 847,322,945,436,1 797,290,879,355,4 750,427,892,454,6 510,844,622,918,1 486,867,510,892,2
/home/eli/Downloads/steele/images/steele-0-10-00099.jpg 522,307,624,399,1 617,329,659,354,5 603,280,677,332,4 658,294,678,320,3 366,379,531,410,6 746,283,949,460,12 847,322,945,436,1 843,283,912,353,4 843,325,868,348,3
/home/eli/Downloads/steele/images/steele-0-10-00100.jpg 628,329,661,360,5 610,341,655,372,5 603,280,677,332,4 378,348,532,412,6 746,282,955,460,12 854,322,952,436,1 867,288,944,356,4 915,289,940,312,3 750,427,892,454,6 483,840,626,918,13 510,844,622,918,1
/home/eli/Downloads/steele/images/steele-0-10-00101.jpg 376,280,673,425,12 591,290,619,311,2 628,329,661,360,5 659,303,675,326,3 376,321,534,398,6 745,305,953,461,12 866,297,952,357,4 483,840,626,918,13 486,867,510,892,2
/home/eli/Downloads/steele/images/steele-0-10-00102.jpg 376,280,673,425,12 522,307,624,399,1 609,348,642,379,5 599,364,635,390,5 744,306,968,462,12 865,307,970,360,4 483,840,626,918,13 510,844,622,918,1 486,867,510,892,2
/home/eli/Downloads/steele/images/steele-0-10-00103.jpg 395,311,550,388,6 742,319,979,464,12 872,317,973,366,4 750,427,892,454,6 483,840,626,918,13 486,867,510,892,2
/home/eli/Downloads/steele/images/steele-0-10-00104.jpg 742,319,979,464,12 853,330,959,437,1 889,323,920,349,2 946,357,980,395,5 877,317,978,366,4 750,427,892,454,6 483,840,626,918,13 510,844,622,918,1 486,867,510,892,2
/home/eli/Downloads/steele/images/steele-0-10-00105.jpg 424,306,637,410,11 532,321,624,403,1 859,342,955,439,1 892,326,923,352,2 893,316,979,362,4 750,427,892,454,6 510,844,622,918,1
/home/eli/Downloads/steele/images/steele-0-10-00106.jpg 740,309,994,466,8 953,352,993,385,5 921,312,992,359,4 750,427,892,454,6 510,844,622,918,1 486,863,510,888,2
/home/eli/Downloads/steele/images/steele-0-10-00107.jpg 520,323,612,405,1 528,314,552,341,2 740,309,994,466,8 859,342,955,439,1 960,351,994,399,5 921,312,992,359,4 750,427,892,454,6 510,844,622,918,1 486,863,510,888,2
/home/eli/Downloads/steele/images/steele-0-10-00108.jpg 519,322,618,408,1 559,311,581,329,2 959,346,993,394,5 896,310,980,358,4 483,840,626,918,13 510,844,622,918,1
/home/eli/Downloads/steele/images/steele-0-10-00109.jpg 485,306,637,411,11 499,311,523,338,2 859,342,955,439,1 949,345,994,397,5 885,310,969,358,4 750,427,892,454,6 483,840,626,918,13 510,844,622,918,1 486,863,510,888,2
/home/eli/Downloads/steele/images/steele-0-10-00110.jpg 483,303,507,330,2 739,312,981,467,8 885,310,969,358,4 750,427,892,454,6 486,863,510,888,2
/home/eli/Downloads/steele/images/steele-0-10-00111.jpg 386,303,640,398,14 411,303,529,394,1 445,303,506,365,4 386,332,435,381,4 521,314,637,355,6 858,339,961,439,1 878,309,971,360,4 750,427,892,454,6 484,862,511,894,2
/home/eli/Downloads/steele/images/steele-0-10-00112.jpg 364,303,618,398,14 483,337,599,378,6 739,312,981,467,8 878,309,971,360,4 750,427,892,454,6 483,840,626,918,13 510,844,622,918,1
/home/eli/Downloads/steele/images/steele-0-10-00113.jpg 354,303,619,399,11 355,331,397,380,4 482,336,616,379,6 739,312,981,467,8 858,339,961,439,1 947,330,977,393,5 878,309,971,360,4 750,427,892,454,6 510,844,622,918,1
/home/eli/Downloads/steele/images/steele-0-10-00114.jpg 337,315,619,401,11 393,324,484,404,1 739,312,981,467,8 858,339,961,439,1 878,309,971,360,4 750,427,892,454,6 483,840,626,918,13 510,844,622,918,1 484,862,511,894,2
/home/eli/Downloads/steele/images/steele-0-10-00115.jpg 337,315,619,401,11 371,320,469,403,1 334,310,391,375,4 462,315,608,380,6 858,339,961,439,1 878,309,971,360,4 750,427,892,454,6 483,840,626,918,13 510,844,622,918,1 484,862,511,894,2
/home/eli/Downloads/steele/images/steele-0-10-00116.jpg 462,320,608,385,6 739,312,981,467,8 483,840,626,918,13 484,862,511,894,2
/home/eli/Downloads/steele/images/steele-0-10-00117.jpg 333,306,390,371,4 878,309,971,360,4 750,427,892,454,6 510,844,622,918,1 484,862,511,894,2
/home/eli/Downloads/steele/images/steele-0-10-00118.jpg 360,321,465,407,1 333,306,390,371,4 460,339,606,394,6 739,312,981,467,8 858,339,961,439,1 945,326,975,389,5 750,427,892,454,6 510,844,622,918,1 484,862,511,894,2
/home/eli/Downloads/steele/images/steele-0-10-00119.jpg 337,315,619,401,11 360,321,465,407,1 460,339,606,394,6 739,312,981,467,8 858,339,961,439,1 945,326,975,389,5 750,427,892,454,6 510,844,622,918,1 484,862,511,894,2
/home/eli/Downloads/steele/images/steele-0-10-00120.jpg 337,315,619,401,11 360,321,465,407,1 333,306,390,371,4 460,339,606,394,6 858,339,961,439,1 947,346,990,397,5 916,307,985,362,4 750,427,892,454,6 483,840,626,918,13 510,844,622,918,1 484,862,511,894,2
/home/eli/Downloads/steele/images/steele-0-10-00121.jpg 337,315,619,401,11 338,307,395,372,4 466,341,618,395,6 739,312,981,467,8 858,339,961,439,1 916,307,985,362,4 750,427,892,454,6 483,840,626,918,13 479,869,506,901,2
/home/eli/Downloads/steele/images/steele-0-10-00122.jpg 338,321,612,408,11 338,307,395,372,4 465,343,609,396,6 744,312,986,467,8 750,427,892,454,6 483,840,626,918,13 510,844,622,918,1 479,869,506,901,2
/home/eli/Downloads/steele/images/steele-0-10-00123.jpg 338,321,612,408,11 360,321,465,407,1 338,307,395,372,4 464,355,610,397,6 919,307,978,358,4 750,427,892,454,6 483,840,626,918,13 510,844,622,918,1 479,869,506,901,2
/home/eli/Downloads/steele/images/steele-0-10-00124.jpg 360,321,465,407,1 338,307,395,372,4 947,346,990,397,5 750,427,892,454,6 483,840,626,918,13 483,863,510,895,2
/home/eli/Downloads/steele/images/steele-0-10-00125.jpg 360,321,465,407,1 338,307,395,372,4 744,312,986,467,8 858,339,961,439,1 947,346,990,397,5 919,307,978,358,4 483,840,626,918,13 510,844,622,918,1 483,863,510,895,2
/home/eli/Downloads/steele/images/steele-0-10-00126.jpg 338,321,612,408,11 360,321,465,407,1 346,307,410,367,4 462,359,606,400,6 858,339,961,439,1 919,307,978,358,4 750,427,892,454,6
/home/eli/Downloads/steele/images/steele-0-10-00127.jpg 462,359,606,400,6 744,312,986,467,8 947,346,990,397,5 486,861,513,893,2
/home/eli/Downloads/steele/images/steele-0-10-00128.jpg 338,321,612,408,11 462,359,606,400,6 744,312,986,467,8 858,339,961,439,1 947,346,990,397,5 905,306,979,360,4 750,427,892,454,6 483,840,626,918,13 510,844,622,918,1 486,861,513,893,2
/home/eli/Downloads/steele/images/steele-0-10-00129.jpg 360,321,465,407,1 461,373,605,401,6 744,312,986,467,8 858,339,961,439,1 947,346,990,397,5 905,306,979,360,4 750,427,892,454,6 483,840,626,918,13 510,844,622,918,1 486,861,513,893,2
/home/eli/Downloads/steele/images/steele-0-10-00130.jpg 360,321,465,407,1 352,310,416,370,4 744,312,986,467,8 858,339,961,439,1 947,346,990,397,5 750,427,892,454,6 493,862,520,894,2
/home/eli/Downloads/steele/images/steele-0-10-00131.jpg 338,321,612,408,11 360,321,465,407,1 352,310,416,370,4 461,373,605,401,6 858,339,961,439,1 905,306,979,360,4 750,427,892,454,6
/home/eli/Downloads/steele/images/steele-0-10-00132.jpg 345,314,614,409,11 360,321,465,407,1 352,310,416,370,4 461,373,605,401,6 744,312,986,467,8 858,339,961,439,1 904,318,980,361,4 750,427,892,454,6 510,844,622,918,1
/home/eli/Downloads/steele/images/steele-0-10-00133.jpg 345,314,614,409,11 360,321,465,407,1 352,310,416,370,4 461,373,605,401,6 744,312,986,467,8 858,339,961,439,1 947,346,990,397,5 898,321,974,364,4 750,427,892,454,6 510,844,622,918,1
/home/eli/Downloads/steele/images/steele-0-10-00134.jpg 345,314,614,409,11 360,321,465,407,1 858,339,961,439,1 904,324,980,367,4 750,427,892,454,6 510,844,622,918,1 493,870,520,902,2
/home/eli/Downloads/steele/images/steele-0-10-00135.jpg 345,314,614,409,11 361,329,466,408,1 347,310,411,370,4 461,373,605,401,6 743,323,987,468,8 949,355,991,398,5 904,324,980,367,4 490,843,628,919,13 493,870,520,902,2
/home/eli/Downloads/steele/images/steele-0-10-00136.jpg 345,314,614,409,11 743,323,987,468,8 905,328,935,355,2 949,355,991,398,5 510,844,622,918,1
/home/eli/Downloads/steele/images/steele-0-10-00137.jpg 361,329,466,408,1 451,386,595,414,6 910,331,940,358,2 949,355,991,398,5 750,427,892,454,6 510,844,622,918,1
/home/eli/Downloads/steele/images/steele-0-10-00138.jpg 346,316,413,372,4 451,386,595,414,6 750,427,892,454,6 490,843,628,919,13 510,844,622,918,1
/home/eli/Downloads/steele/images/steele-0-10-00139.jpg 345,314,614,409,11 346,316,413,372,4 910,331,940,358,2 959,351,992,399,5 750,427,892,454,6
/home/eli/Downloads/steele/images/steele-0-10-00140.jpg 345,314,614,409,11 451,386,595,414,6 858,339,961,439,1 910,331,940,358,2 750,427,892,454,6 510,844,622,918,1
/home/eli/Downloads/steele/images/steele-0-10-00141.jpg 361,329,466,408,1 345,315,406,368,4 858,339,961,439,1 909,322,985,365,4 750,427,892,454,6 490,843,628,919,13 510,844,622,918,1 495,863,522,895,2
/home/eli/Downloads/steele/images/steele-0-10-00142.jpg 345,314,614,409,11 345,315,406,368,4 451,386,595,414,6 746,323,990,468,8 750,427,892,454,6 490,843,628,919,13 495,863,522,895,2
/home/eli/Downloads/steele/images/steele-0-10-00143.jpg 343,320,612,415,11 345,315,406,368,4 858,339,961,439,1 490,843,628,919,13 510,844,622,918,1 495,863,522,895,2
/home/eli/Downloads/steele/images/steele-0-10-00144.jpg 343,320,612,415,11 361,329,466,408,1 750,427,892,454,6 495,863,522,895,2
/home/eli/Downloads/steele/images/steele-0-10-00145.jpg 361,329,466,408,1 453,371,606,416,6 746,323,990,468,8 750,427,892,454,6 490,843,628,919,13 510,844,622,918,1
/home/eli/Downloads/steele/images/steele-0-10-00146.jpg 343,320,612,415,11 345,315,406,368,4 452,370,596,409,6 858,339,961,439,1 750,427,892,454,6 490,843,628,919,13 495,863,522,895,2
/home/eli/Downloads/steele/images/steele-0-10-00147.jpg 343,320,612,415,11 746,323,990,468,8 858,339,961,439,1 750,427,892,454,6
/home/eli/Downloads/steele/images/steele-0-10-00148.jpg 345,315,406,368,4 452,370,596,409,6 746,323,990,468,8 858,339,961,439,1 887,317,976,357,4 490,843,628,919,13 510,844,622,918,1 495,863,522,895,2
/home/eli/Downloads/steele/images/steele-0-10-00149.jpg 361,329,466,408,1 322,358,342,384,3 746,323,990,468,8 887,322,976,362,4 490,843,628,919,13
/home/eli/Downloads/steele/images/steele-0-10-00150.jpg 452,352,613,394,6 746,323,990,468,8 858,339,961,439,1 947,349,986,401,5 887,322,976,362,4 750,427,892,454,6 490,843,628,919,13 510,844,622,918,1 495,863,522,895,2
/home/eli/Downloads/steele/images/steele-0-10-00151.jpg 265,312,599,416,14 320,331,438,414,1 263,361,283,387,3 427,341,591,398,6 746,323,990,468,8 858,339,961,439,1 886,321,981,364,4 750,427,892,454,6 510,844,622,918,1 495,863,522,895,2
/home/eli/Downloads/steele/images/steele-0-10-00152.jpg 237,342,309,397,4 236,370,256,396,3 414,340,571,393,6 746,330,991,469,8 858,339,961,439,1 949,350,994,398,5 750,427,892,454,6 490,843,628,919,13
/home/eli/Downloads/steele/images/steele-0-10-00153.jpg 262,328,380,411,1 377,341,541,382,6 965,373,1004,397,5 750,427,892,454,6 490,843,628,919,13 495,863,522,895,2
/home/eli/Downloads/steele/images/steele-0-12-00000.jpg 84,300,219,425,9 86,317,172,410,1 169,306,201,341,2 867,307,1007,443,8 875,348,975,440,1 970,356,1003,390,5 436,835,565,916,13 440,841,565,916,1 538,869,564,902,2
/home/eli/Downloads/steele/images/steele-0-12-00001.jpg 86,317,172,410,1 169,306,201,341,2 867,307,1007,443,8 875,348,975,440,1 901,342,925,364,2 902,317,986,363,4 440,841,565,916,1 538,869,564,902,2
/home/eli/Downloads/steele/images/steele-0-12-00002.jpg 84,300,219,425,9 86,317,172,410,1 169,306,201,341,2 154,312,220,387,4 195,363,217,387,3 901,342,925,364,2 962,355,1005,404,5 901,313,994,363,4 436,835,565,916,13 440,841,565,916,1 538,869,564,902,2
/home/eli/Downloads/steele/images/steele-0-12-00003.jpg 86,317,172,410,1 171,311,202,341,2 154,312,220,387,4 200,365,222,389,3 867,307,1007,443,8 901,342,925,364,2 957,353,1000,402,5 901,313,994,363,4 538,869,564,902,2
/home/eli/Downloads/steele/images/steele-0-12-00004.jpg 83,312,222,426,9 86,317,172,410,1 171,311,202,341,2 193,368,215,392,3 867,307,1007,443,8 870,351,976,440,1 957,353,1000,402,5 900,313,983,363,4 436,835,565,916,13
/home/eli/Downloads/steele/images/steele-0-12-00005.jpg 83,312,222,426,9 171,311,202,341,2 152,315,221,391,4 202,368,224,392,3 867,307,1007,443,8 440,841,565,916,1 538,869,564,902,2
/home/eli/Downloads/steele/images/steele-0-12-00006.jpg 83,312,222,426,9 171,311,202,341,2 152,314,217,394,4 195,369,217,393,3 870,351,976,440,1 957,353,1000,402,5
/home/eli/Downloads/steele/images/steele-0-12-00007.jpg 83,312,222,426,9 197,365,219,389,3 870,351,976,440,1 957,352,997,392,5 886,310,973,364,4 436,835,565,916,13 538,869,564,902,2
/home/eli/Downloads/steele/images/steele-0-12-00008.jpg 86,317,172,410,1 151,313,221,394,4 197,370,219,394,3 886,310,973,364,4 436,835,565,916,13 440,841,565,916,1
/home/eli/Downloads/steele/images/steele-0-12-00009.jpg 86,317,172,410,1 151,313,221,394,4 197,370,219,394,3 870,351,976,440,1 886,310,973,364,4 436,835,565,916,13 440,841,565,916,1
/home/eli/Downloads/steele/images/steele-0-12-00010.jpg 83,312,222,426,9 86,317,172,410,1 182,310,209,340,2 197,370,219,394,3 867,307,1007,443,8 870,351,976,440,1 950,339,982,394,5 893,311,980,365,4 436,835,565,916,13 440,841,565,916,1
/home/eli/Downloads/steele/images/steele-0-12-00011.jpg 83,312,222,426,9 86,317,172,410,1 151,313,221,394,4 867,307,1007,443,8 870,351,976,440,1 893,311,980,365,4 436,835,565,916,13 530,850,550,877,2
/home/eli/Downloads/steele/images/steele-0-12-00012.jpg 83,312,222,426,9 86,317,172,410,1 163,312,222,395,4 197,370,219,394,3 867,307,1007,443,8 870,351,976,440,1 920,310,980,363,4 440,841,565,916,1 530,850,550,877,2
/home/eli/Downloads/steele/images/steele-0-12-00013.jpg 83,312,222,426,9 86,317,172,410,1 179,313,203,340,2 163,312,222,395,4 196,370,218,394,3 867,307,1007,443,8 870,351,976,440,1 920,310,980,363,4 436,835,565,916,13 440,841,565,916,1 530,850,550,877,2
/home/eli/Downloads/steele/images/steele-0-12-00014.jpg 83,312,222,426,9 86,317,172,410,1 163,312,222,395,4 867,307,1007,443,8 870,351,976,440,1 920,310,980,363,4 436,835,565,916,13 440,841,565,916,1 531,852,557,879,2
/home/eli/Downloads/steele/images/steele-0-12-00015.jpg 83,312,222,426,9 86,317,172,410,1 179,313,203,340,2 163,312,222,395,4 196,370,218,394,3 867,307,1007,443,8 870,351,976,440,1 920,310,980,363,4 436,835,565,916,13 440,841,565,916,1 531,857,557,884,2
/home/eli/Downloads/steele/images/steele-0-12-00016.jpg 86,317,172,410,1 179,313,203,340,2 971,356,999,409,5 920,310,980,363,4 440,841,565,916,1 531,864,557,886,2
/home/eli/Downloads/steele/images/steele-0-12-00017.jpg 163,312,222,395,4 196,370,218,394,3 867,307,1007,443,8 870,351,976,440,1 971,356,999,409,5 436,835,565,916,13 440,841,565,916,1 531,864,557,886,2
/home/eli/Downloads/steele/images/steele-0-12-00018.jpg 83,312,222,426,9 86,317,172,410,1 179,313,203,340,2 163,312,222,395,4 196,370,218,394,3 867,307,1007,443,8 920,310,980,363,4 440,841,565,916,1
/home/eli/Downloads/steele/images/steele-0-12-00019.jpg 83,312,222,426,9 86,317,172,410,1 163,312,222,395,4 196,370,218,394,3 867,307,1007,443,8 899,342,928,366,2 920,310,980,363,4 531,864,557,886,2
/home/eli/Downloads/steele/images/steele-0-12-00020.jpg 86,317,172,410,1 163,312,222,395,4 201,368,220,387,3 867,307,1007,443,8 870,351,976,440,1 893,335,922,359,2 436,835,565,916,13
/home/eli/Downloads/steele/images/steele-0-18-00000.jpg 61,319,346,421,11 63,326,213,420,1 101,325,125,349,2 62,354,80,376,3 201,364,340,411,6 801,253,947,376,1 806,347,852,380,3 537,853,641,916,13 549,856,641,913,1
/home/eli/Downloads/steele/images/steele-0-18-00001.jpg 61,319,346,421,11 63,326,213,420,1 65,355,83,377,3 201,364,340,411,6 822,254,946,346,1 845,340,870,368,5 807,360,845,380,3 940,309,1087,374,6 537,853,641,916,13
/home/eli/Downloads/steele/images/steele-0-18-00002.jpg 110,305,213,419,1 86,342,112,363,5 74,322,92,344,3 201,383,339,410,6 808,269,936,344,1 783,322,808,350,2 822,338,861,400,5 941,314,1079,374,6 537,853,641,916,13 549,856,641,913,1
/home/eli/Downloads/steele/images/steele-0-18-00003.jpg 129,320,213,419,1 129,302,155,324,2 97,363,123,384,5 774,333,1033,448,14 800,334,895,412,1 778,367,800,394,2 856,396,885,435,5 820,409,857,445,5 769,405,788,424,3 537,853,641,916,13 549,856,641,913,1
/home/eli/Downloads/steele/images/steele-0-18-00004.jpg 75,291,346,426,12 129,320,213,419,1 130,303,161,325,2 101,363,127,384,5 774,333,1033,448,14 889,384,1019,427,6 549,856,641,913,1
/home/eli/Downloads/steele/images/steele-0-18-00005.jpg 75,291,346,426,12 129,320,213,419,1 130,303,161,325,2 101,363,127,384,5 774,321,1032,448,11 801,346,890,421,1 859,413,886,442,5 810,409,837,442,5 790,396,820,443,5 879,380,1006,413,6 537,853,641,916,13 549,856,641,913,1
/home/eli/Downloads/steele/images/steele-0-18-00006.jpg 75,291,346,426,12 129,320,213,419,1 130,303,161,325,2 99,364,126,384,5 83,307,153,364,4 83,336,101,358,3 770,326,881,421,1 848,409,879,440,5 869,378,978,407,6 537,853,641,916,13 549,856,641,913,1
/home/eli/Downloads/steele/images/steele-0-18-00007.jpg 75,291,346,426,12 129,319,217,419,1 130,303,161,325,2 99,364,126,384,5 83,336,101,358,3 724,216,895,445,12 744,263,845,406,1 722,258,757,293,5 807,387,837,442,5 835,348,898,396,6 549,856,641,913,1
/home/eli/Downloads/steele/images/steele-0-18-00008.jpg 75,291,346,426,12 129,319,217,419,1 130,303,161,325,2 83,307,153,364,4 83,336,101,358,3 724,216,895,445,12 802,240,831,267,2 722,258,757,293,5 807,387,837,442,5 752,218,830,274,4 835,348,898,396,6 537,853,641,916,13 549,856,641,913,1
/home/eli/Downloads/steele/images/steele-0-18-00009.jpg 129,319,217,419,1 130,303,161,325,2 99,364,126,384,5 83,307,153,364,4 83,336,101,358,3 745,274,826,406,1 801,389,831,444,5 745,388,780,445,5 549,856,641,913,1
/home/eli/Downloads/steele/images/steele-0-18-00010.jpg 130,313,217,418,1 128,298,159,320,2 76,294,146,351,4 775,228,804,255,2 791,386,831,444,5 745,388,780,445,5 549,856,641,913,1
/home/eli/Downloads/steele/images/steele-0-18-00011.jpg 128,298,159,320,2 78,334,96,356,3 793,391,825,448,5 745,388,780,445,5 823,281,874,330,6
/home/eli/Downloads/steele/images/steele-0-18-00012.jpg 75,291,346,426,12 130,313,217,418,1 116,303,147,325,2 95,357,122,377,5 81,304,151,361,4 78,334,96,356,3 750,213,889,444,12 793,242,817,262,2 793,391,825,448,5 537,853,641,916,13
/home/eli/Downloads/steele/images/steele-0-18-00013.jpg 75,291,346,426,12 130,313,217,418,1 117,303,148,325,2 95,357,122,377,5 78,334,96,356,3 790,251,817,277,2 862,221,888,282,5 537,853,641,916,13 549,856,641,913,1
/home/eli/Downloads/steele/images/steele-0-18-00014.jpg 76,289,328,425,12 130,313,217,418,1 78,334,96,356,3 750,213,889,444,12 788,253,815,279,2 809,391,841,448,5 779,379,814,436,5 835,393,915,441,6 537,853,641,916,13 549,856,641,913,1
/home/eli/Downloads/steele/images/steele-0-18-00015.jpg 130,313,217,418,1 117,303,155,324,2 82,304,156,368,4 750,213,918,452,12 779,269,874,401,1 781,252,808,278,2 785,217,874,278,4 820,397,916,448,6 549,856,641,913,1
/home/eli/Downloads/steele/images/steele-0-18-00016.jpg 130,313,217,418,1 92,361,127,384,5 82,304,156,368,4 84,340,102,362,3 793,267,888,399,1 780,254,807,280,2 785,217,874,278,4 824,381,944,451,6
/home/eli/Downloads/steele/images/steele-0-18-00017.jpg 76,289,328,425,12 130,313,217,418,1 117,303,155,324,2 92,361,129,386,5 78,305,155,363,4 77,339,95,361,3 750,213,918,452,12 793,267,888,399,1 852,365,892,447,5 792,372,844,457,5 766,215,855,276,4 549,856,641,913,1
/home/eli/Downloads/steele/images/steele-0-18-00018.jpg 117,303,155,324,2 92,361,129,386,5 78,310,155,368,4 79,343,97,365,3 750,213,918,452,10 760,249,787,275,2 879,344,919,426,5 823,370,852,454,5 810,211,830,239,5 827,217,845,245,5 843,366,894,447,6 537,853,641,916,13 549,856,641,913,1
/home/eli/Downloads/steele/images/steele-0-18-00019.jpg 93,357,127,386,5 82,306,159,364,4 81,333,99,355,3 755,251,782,277,2 810,211,830,239,5 827,217,845,245,5 757,215,829,272,4 862,324,915,447,6 537,853,641,916,13
